2222222221111111111111111111111111111
2000000021000000000011000000000000001
2000000021000000000011000000000000001
2000000021001100111111111100111111001
2000000022002100111111111100111111001
2000000000002100000011000000110000001
2000000000002100000011000000110000001
2222222222222111110011001111111111001
1111111111111111110011001111111111001
1100000000000000110000001100000000001
1100000000000000110000001100000000001
1100111111111100111111111100111111001
1100111111111100111111111100111111001
1100000011001100000011000000000011001
1100000011001100000011000000000011001
1100110011001111110011001111110011001
1100110011001111110011001111110011001
1100110011000000110000000000000011001
1100110011000000110000000000000011001
1111110011111100111111111111111111111
1111110011111100111111111111111111111
1101000011000000000000000000110000001
1100000011000000000000000000110000001
1100110011001111110011001111111100111
1100110011001111110011001111111100111
1100110011001100000011000000000000001
1100110011001100000011000000000000001
1100111111001111111111111111111111001
1100111111001111111111111111111111001
1100000000001100000000000000110000001
1100000000001100000000000000110000001
1111110011111100111111001111111111001
1111110011111100111111001111111111001
1000000011000000110000000000000000001
1000000011000000110000000000000000001
1111111111111100111111111111111111111
1111111111111111111111111111111111111
